##FastQC	0.10.1
>>Basic Statistics	pass
#Measure	Value	
Filename	Test_GATCAG_L001_R2_001.fastq.gz	
File type	Conventional base calls	
Encoding	Sanger / Illumina 1.9	
Total Sequences	3875453	
Filtered Sequences	0	
Sequence length	251	
%GC	37	
>>END_MODULE
>>Per base sequence quality	fail
#Base	Mean	Median	Lower Quartile	Upper Quartile	10th Percentile	90th Percentile
1	27.039200062547526	30.0	27.0	30.0	11.0	30.0
2	27.510919884720572	30.0	28.0	30.0	20.0	30.0
3	27.541694609636604	30.0	28.0	30.0	20.0	30.0
4	27.651886631059647	30.0	28.0	30.0	20.0	32.0
5	27.70147128606643	30.0	28.0	30.0	20.0	32.0
6	29.49381452955306	33.0	29.0	33.0	22.0	33.0
7	29.425181520715128	33.0	29.0	33.0	22.0	33.0
8	29.506920094244467	33.0	29.0	33.0	22.0	33.0
9	30.90035229429953	33.0	31.0	35.0	20.0	35.0
10-14	30.842013411077364	33.0	31.0	35.0	20.0	35.0
15-19	32.37927659037537	35.4	32.8	36.2	21.8	36.8
20-24	33.75449244256091	37.0	34.0	37.8	23.0	38.8
25-29	34.153023246572715	37.0	34.0	39.0	23.0	40.0
30-34	34.237373488983096	37.0	34.0	39.0	23.6	40.0
35-39	34.06214669614107	37.0	34.0	39.0	22.2	40.0
40-44	33.76100755189135	37.0	33.6	39.0	21.2	40.0
45-49	33.397594810206705	37.0	32.2	39.0	17.8	40.0
50-59	33.18941091531751	37.0	32.0	39.0	14.8	39.8
60-69	32.75732594357357	37.0	32.0	39.0	12.8	39.0
70-79	32.61836902679506	37.0	32.0	39.0	12.0	39.1
80-89	32.86148269634543	37.0	32.6	39.0	12.6	39.7
90-99	32.44258939535584	37.0	32.2	39.0	12.2	39.0
100-109	31.622637972902783	36.2	30.8	38.9	10.8	39.0
110-119	30.68843110727959	36.0	29.2	38.0	9.6	39.0
120-129	29.783451766799907	35.5	27.7	37.2	4.4	38.6
130-139	28.638883093150657	35.0	25.6	37.0	2.0	38.0
140-149	27.74082345986392	34.2	23.7	36.2	2.0	38.0
150-159	26.717457855894526	33.6	20.0	36.0	2.0	38.0
160-169	26.168115985408672	33.0	16.5	36.0	2.0	38.0
170-179	25.371649043350544	32.0	12.4	36.0	2.0	38.0
180-189	24.589775466248717	31.4	9.0	36.0	2.0	38.0
190-199	23.792097310946616	30.0	7.9	36.0	2.0	38.0
200-209	23.189680303180044	30.0	2.4	36.0	2.0	38.0
210-219	22.207215620986762	29.8	2.0	36.0	2.0	37.1
220-229	21.25816842572985	26.6	2.0	35.7	2.0	36.5
230-239	20.013460258710403	25.0	2.0	34.0	2.0	36.0
240-249	18.14658792146363	19.3	2.0	34.0	2.0	36.0
250-251	14.30902026163135	2.0	2.0	32.0	2.0	35.0
>>END_MODULE
>>Per sequence quality scores	pass
#Quality	Count
2	72829.0
3	9430.0
4	12666.0
5	15392.0
6	18295.0
7	22172.0
8	26556.0
9	33525.0
10	41001.0
11	47505.0
12	53662.0
13	59398.0
14	63682.0
15	65577.0
16	64402.0
17	61608.0
18	57821.0
19	55464.0
20	54153.0
21	55328.0
22	59373.0
23	65916.0
24	75627.0
25	87673.0
26	102246.0
27	118390.0
28	135461.0
29	154298.0
30	174765.0
31	198917.0
32	224782.0
33	257720.0
34	292896.0
35	334700.0
36	388179.0
37	308304.0
38	5740.0
>>END_MODULE
>>Per base sequence content	fail
#Base	G	A	T	C
1	18.62808722692558	32.467023089191905	30.303509632517006	18.60138005136551
2	18.74522796736891	37.044700673083995	28.35375034350894	15.856321016038159
3	19.835317018996008	32.64256552665164	30.288075230567014	17.23404222378534
4	18.911474963139728	31.535750981951498	31.259292478852757	18.29348157605602
5	18.420047653870032	31.157833188747823	32.3272211766078	18.09489798077434
6	19.243890311378596	30.7882479499763	31.093271143453794	18.87459059519131
7	19.268402694095478	30.642962163244512	31.68816015118807	18.40047499147193
8	18.905546452670013	31.497168070804683	31.12265672373531	18.474628752789997
9	18.926761776506414	30.884240767972948	31.311494487477454	18.877502968043185
10-14	18.986662584897378	30.955805936641678	31.00882696370552	19.04870451475542
15-19	19.12509290574277	30.788609644981108	30.912889944793786	19.173407504482338
20-24	19.140621310815757	30.922023376168017	30.859654793377818	19.077700519638412
25-29	19.053404653421584	31.067641490372743	30.822989400301758	19.05596445590392
30-34	19.03969653766507	31.11815290527769	30.878077039693956	18.964073517363282
35-39	18.862767701682813	31.268530970177448	30.984711136728578	18.88399019141117
40-44	18.86163088056332	31.28547400598205	31.068753322149867	18.78414179130476
45-49	18.781872520395392	31.361494307776688	31.143000340475897	18.713632831352022
50-59	18.630492502345184	31.42982693066892	31.338236250024547	18.601444316961352
60-69	18.538593375583314	31.56943487549391	31.354983436751972	18.536988312170795
70-79	18.53294348505758	31.491171719195492	31.38901563671649	18.586869159030446
80-89	18.542045791188794	31.43223137339503	31.429674056992802	18.59604877842337
90-99	18.54950145004025	31.415758123331056	31.450626286347354	18.58411414028134
100-109	18.53332378150143	31.44161814363588	31.429236203039462	18.595821871823222
110-119	18.564491544053563	31.43760664164294	31.430524942317962	18.567376871985537
120-129	18.631357698873945	31.400202732150483	31.410761590779934	18.557677978195635
130-139	18.717387346270993	31.3975288551376	31.3494376044156	18.535646194175808
140-149	18.845496877511724	31.39282875277764	31.25995185749202	18.501722512218617
150-159	19.007276419134815	31.335195460212002	31.21873444909688	18.438793671556304
160-169	19.20569815750349	31.305402231462544	31.11361954232274	18.375280068711223
170-179	19.38638779747686	31.288310511741948	31.00455930870114	18.320742382080052
180-189	19.52812057657424	31.27755023991648	30.90256704110672	18.29176214240256
190-199	19.65295179205311	31.337360790803743	30.764697104147054	18.244990312996094
200-209	19.762302081838033	31.423611689433166	30.62244014215012	18.19164608657868
210-219	19.905499302804017	31.460761555874306	30.466867966931883	18.166871174389794
220-229	20.053205932390945	31.4830042301896	30.298089812436313	18.165700024983142
230-239	20.21176143399859	31.495963322523334	30.130511851757802	18.161763391720275
240-249	20.38526557918813	31.460615790095815	29.93482599186127	18.219292638854792
250-251	20.63419036350773	31.476964750401482	29.932918473173782	17.955926412917005
>>END_MODULE
>>Per base GC content	pass
#Base	%GC
1	37.22946727829109
2	34.60154898340706
3	37.069359242781346
4	37.20495653919575
5	36.51494563464438
6	38.11848090656991
7	37.668877685567416
8	37.380175205460006
9	37.8042647445496
10-14	38.0353670996528
15-19	38.2985004102251
20-24	38.218321830454165
25-29	38.1093691093255
30-34	38.003770055028355
35-39	37.74675789309398
40-44	37.64577267186808
45-49	37.49550535174742
50-59	37.23193681930653
60-69	37.07558168775411
70-79	37.11981264408802
80-89	37.138094569612164
90-99	37.13361559032159
100-109	37.129145653324656
110-119	37.1318684160391
120-129	37.18903567706958
130-139	37.2530335404468
140-149	37.34721938973034
150-159	37.44607009069112
160-169	37.58097822621472
170-179	37.70713017955691
180-189	37.81988271897681
190-199	37.8979421050492
200-209	37.953948168416716
210-219	38.072370477193815
220-229	38.21890595737409
230-239	38.37352482571886
240-249	38.60455821804292
250-251	38.590116776424736
>>END_MODULE
>>Per sequence GC content	fail
#GC Content	Count
0	105.0
1	378.9999999999959
2	944.0000000000374
3	1674.666666666565
4	2235.6666666665656
5	2536.333333333369
6	2438.666666666658
7	2275.3333333332503
8	2376.999999999963
9	2675.6666666667657
10	2964.3333333335636
11	3226.3333333336827
12	3566.000000000504
13	4271.000000000586
14	4851.333333333391
15	5181.666666666424
16	6489.999999998568
17	7690.999999997475
18	8384.99999999737
19	8997.333333331817
20	9419.999999999252
21	9091.999999998656
22	8966.666666665094
23	9009.999999998507
24	9709.333333333112
25	10985.666666668767
26	12562.333333338302
27	15819.333333344226
28	20595.33333332993
29	27761.999999970525
30	36302.999999978034
31	46920.00000005528
32	60276.333333485796
33	75505.33333337899
34	91913.99999980688
35	107733.33333291001
36	119970.9999993986
37	129622.99999925814
38	134894.9999993483
39	134449.33333266867
40	129239.99999926372
41	118218.9999994241
42	104568.6666662894
43	90419.99999982862
44	75995.33333337186
45	61002.666666824414
46	48836.00000006922
47	38304.666666659265
48	30525.666666627138
49	24919.3333333142
50	20700.33333332955
51	15852.66666667762
52	10758.000000001686
53	7226.999999997897
54	4851.666666666724
55	3226.0000000003492
56	2137.3333333331875
57	1346.6666666666397
58	956.3333333333721
59	738.3333333333474
60	614.6666666666666
61	469.99999999999073
62	344.6666666666645
63	277.66666666666833
64	210.0000000000016
65	157.66666666666677
66	126.33333333333262
67	97.33333333333303
68	78.3333333333333
69	55.33333333333345
70	37.99999999999999
71	33.66666666666663
72	23.333333333333318
73	17.000000000000007
74	13.666666666666673
75	17.33333333333334
76	12.000000000000004
77	9.666666666666666
78	10.0
79	7.9999999999999964
80	6.666666666666664
81	6.666666666666664
82	5.333333333333332
83	2.6666666666666665
84	5.333333333333332
85	4.666666666666666
86	3.666666666666667
87	4.333333333333333
88	1.9999999999999998
89	2.6666666666666665
90	3.0
91	3.0
92	2.6666666666666665
93	1.0
94	0.3333333333333333
95	1.0
96	3.0
97	1.6666666666666665
98	0.6666666666666666
99	1.6666666666666665
100	8.5
>>END_MODULE
>>Per base N content	pass
#Base	N-Count
1	0.002322309159729198
2	2.0642748086481763E-4
3	1.8062404575671542E-4
4	1.8062404575671542E-4
5	1.8062404575671542E-4
6	2.5803435108102203E-4
7	3.8705152662153297E-4
8	7.74103053243066E-5
9	1.0321374043240882E-4
10-14	2.425522900161607E-4
15-19	5.109080151404236E-4
20-24	0.0026938786252858698
25-29	0.003973729006647739
30-34	0.004593011449242192
35-39	0.008220974425441362
40-44	0.0084325625933278
45-49	0.007452032059219916
50-59	0.004332396754650359
60-69	0.005591604387925747
70-79	0.00785456564690631
80-89	0.007663620227106353
90-99	0.0073462379752766965
100-109	0.01173024160014326
110-119	0.01746376488116357
120-129	0.02531833052806988
130-139	0.029715235870490492
140-149	0.057900328039070525
150-159	0.03305162002996811
160-169	0.04773635494998907
170-179	0.07406359979078575
180-189	0.07636526620242846
190-199	0.09197376409931948
200-209	0.0748067387218991
210-219	0.08328316715491066
220-229	0.10431296676801395
230-239	0.09303170493875168
240-249	0.1080080186754942
250-251	0.08320317650607555
>>END_MODULE
>>Sequence Length Distribution	pass
#Length	Count
251	3875453.0
>>END_MODULE
>>Sequence Duplication Levels	warn
#Total Duplicate Percentage	24.22941903101853
#Duplication Level	Relative count
1	100.0
2	13.747196948217645
3	3.7380467561924893
4	2.379049926540712
5	1.7192050931773075
6	1.2836044024022475
7	0.9652808206820115
8	0.7912982962600201
9	0.7043070340490244
10++	3.5479547387684613
>>END_MODULE
>>Overrepresented sequences	pass
>>END_MODULE
>>Kmer Content	warn
#Sequence	Count	Obs/Exp Overall	Obs/Exp Max	Max Obs/Exp Position
GGTGG	990255	2.4892232	5.214941	240-247
CGCCG	531370	2.3984408	6.9993415	240-247
GCGTC	862005	2.3220832	6.068434	240-247
CGTCG	848545	2.2858245	6.106723	240-247
GAGCG	871560	2.238425	6.0868406	240-247
GGGGG	547225	2.2264922	5.3664927	40-44
>>END_MODULE
