##FastQC	0.10.1
>>Basic Statistics	pass
#Measure	Value	
Filename	YeastJohnson_GATCAG_L001_R1_001.fastq.gz	
File type	Conventional base calls	
Encoding	Sanger / Illumina 1.9	
Total Sequences	609250	
Filtered Sequences	0	
Sequence length	257	
%GC	37	
>>END_MODULE
>>Per base sequence quality	pass
#Base	Mean	Median	Lower Quartile	Upper Quartile	10th Percentile	90th Percentile
1	30.357723430447273	30.0	30.0	32.0	30.0	32.0
2	30.772256052523595	32.0	30.0	32.0	30.0	32.0
3	30.92245547804678	32.0	30.0	32.0	30.0	32.0
4	31.002665572425112	32.0	30.0	32.0	30.0	32.0
5	30.989313089864588	32.0	30.0	32.0	30.0	32.0
6	32.37635453426344	33.0	33.0	33.0	31.0	33.0
7	32.38026425933525	33.0	33.0	33.0	31.0	33.0
8	32.37177185063603	33.0	33.0	33.0	31.0	33.0
9	34.797846532622074	35.0	35.0	36.0	35.0	36.0
10-14	34.80625687320476	35.0	35.0	36.0	35.0	36.0
15-19	36.36822617972918	36.8	36.8	37.2	36.2	37.2
20-24	38.05437734919984	38.8	38.4	38.8	37.0	38.8
25-29	38.958633729995896	40.0	39.0	40.0	37.0	40.0
30-34	38.931308658186296	40.0	39.0	40.0	37.2	40.0
35-39	38.853807796471074	40.0	39.0	40.0	37.0	40.0
40-44	38.728790808370945	40.0	39.0	40.0	37.0	40.0
45-49	38.68925794009028	40.0	39.0	40.0	37.0	40.0
50-59	38.778408042675416	40.0	39.0	40.0	37.0	40.0
60-69	38.69443857201477	40.0	39.0	40.0	37.0	40.0
70-79	38.37863455067706	40.0	39.0	40.0	37.0	40.0
80-89	38.09808797702093	39.0	39.0	40.0	36.4	40.0
90-99	37.78682511284366	39.0	38.5	39.8	36.0	40.0
100-109	37.381968321707014	39.0	38.0	39.0	35.7	39.8
110-119	37.01875945835043	38.5	38.0	39.0	35.3	39.0
120-129	36.6869022568732	38.0	38.0	38.7	35.3	39.0
130-139	36.25130406237177	38.0	37.1	38.0	34.5	38.8
140-149	35.903365777595404	38.0	36.8	38.0	34.0	38.0
150-159	35.62858498153468	38.0	36.0	38.0	33.4	38.0
160-169	35.36727730816578	38.0	36.0	38.0	31.9	38.0
170-179	35.06707312269183	38.0	36.0	38.0	30.2	38.0
180-189	34.81408567911366	38.0	36.0	38.0	30.0	38.0
190-199	34.48228756668035	38.0	36.0	38.0	29.3	38.0
200-209	34.014589577349206	38.0	35.1	38.0	25.3	38.0
210-219	33.49539942552318	37.8	34.0	38.0	24.7	38.0
220-229	32.67955256462864	36.1	34.0	38.0	18.4	38.0
230-239	31.87878243742306	36.0	33.4	38.0	11.7	38.0
240-249	30.842831021748047	36.0	30.6	38.0	5.3	38.0
250-257	28.10954575297497	34.375	26.5	37.5	2.0	37.75
>>END_MODULE
>>Per sequence quality scores	pass
#Quality	Count
2	150.0
3	96.0
4	252.0
5	385.0
6	372.0
7	420.0
8	546.0
9	670.0
10	878.0
11	3148.0
12	2291.0
13	978.0
14	1110.0
15	1286.0
16	1407.0
17	1531.0
18	1444.0
19	1535.0
20	1664.0
21	2010.0
22	1948.0
23	2151.0
24	2360.0
25	2721.0
26	3104.0
27	3780.0
28	4682.0
29	5876.0
30	7281.0
31	9360.0
32	11737.0
33	15647.0
34	22133.0
35	34899.0
36	75824.0
37	298272.0
38	85302.0
>>END_MODULE
>>Per base sequence content	warn
#Base	G	A	T	C
1	17.22687349541126	36.12721939676775	26.60630509978556	20.03960200803543
2	18.650204842691316	33.47339671201219	32.02292005882662	15.853478386469877
3	16.701682396389003	31.67862125564218	33.40320065654493	18.21649569142388
4	17.470004103405827	31.291916290521133	32.520968403775136	18.717111202297907
5	18.922791818431016	31.391132639444013	32.016519402583285	17.66955613954168
6	19.071481329503488	31.03684858432499	31.5919573245794	18.299712761592122
7	18.568567911366436	32.17168649979483	31.549938448912595	17.70980713992614
8	17.746960186984612	31.85254608960555	32.07724933032197	18.323244393087872
9	18.77000449742137	30.286685991353135	32.36534818904927	18.577961322176225
10-14	18.641101657219522	31.109460263727794	31.131553022456814	19.11788505659587
15-19	18.877977104950087	30.842137606655797	30.908021933867495	19.371863354526617
20-24	18.913582273286828	31.09262207632335	30.840771440295445	19.153024210094376
25-29	18.830734180622645	31.01430149514885	30.924221608339614	19.23074271588889
30-34	18.859401041760705	31.097610817976168	30.805015709793448	19.23797243046968
35-39	18.763527041608715	31.325977533416083	30.91904604175742	18.991449383217784
40-44	18.501205480603318	31.35598840217354	31.153597663626265	18.989208453596877
45-49	18.757700195227546	31.350549818149826	31.25456102690936	18.63718895971327
50-59	18.603503723389323	31.217528366746095	31.25695432350261	18.92201358636197
60-69	18.450853662700155	31.725843748604802	31.168257955569096	18.655044633125947
70-79	18.365112615296535	31.986936369542445	31.054354538014493	18.593596477146527
80-89	18.507893269095987	31.773276436271647	31.092248284175415	18.626582010456953
90-99	18.53381134793355	31.69965901902396	31.128260649048933	18.63826898399356
100-109	18.455449236821085	31.910223050493258	31.073272824829708	18.561054887855956
110-119	18.48755675047518	31.824238484946964	31.070355816862154	18.6178489477157
120-129	18.555307171053357	31.74173381063865	31.022361663337577	18.680597354970416
130-139	18.59968154434577	31.777540668756878	30.954628276892265	18.66814951000509
140-149	18.659836477981226	31.74811495952168	30.892043194607027	18.700005367890068
150-159	18.670464476622524	31.739586062352632	30.828364466313808	18.761584994711036
160-169	18.654924675105534	31.73873384842838	30.774666463346872	18.831675013119213
170-179	18.72956566187476	31.654605640049677	30.714564530897032	18.90126416717853
180-189	18.699341402321746	31.648014251094448	30.614310878918722	19.03833346766509
190-199	18.755355155558036	31.76530548597729	30.4403127903274	19.039026568137277
200-209	18.725832632841833	31.88338568758391	30.31126444502114	19.079517234553116
210-219	18.738468922391665	32.04874666624646	30.162541413393317	19.05024299796856
220-229	18.729956289157972	32.2262819849942	29.932816944640045	19.110944781207785
230-239	18.7442130949956	32.42283565854548	29.659352057040067	19.173599189418848
240-249	18.7702741319516	32.583709195885845	29.34967995534131	19.29633671682125
250-257	18.871671778313416	32.874081950363916	28.950032122631917	19.30421414869075
>>END_MODULE
>>Per base GC content	pass
#Base	%GC
1	37.26647550344669
2	34.5036832291612
3	34.91817808781288
4	36.187115305703735
5	36.5923479579727
6	37.37119409109561
7	36.27837505129257
8	36.070204580072485
9	37.3479658195976
10-14	37.758986713815396
15-19	38.24984045947671
20-24	38.06660648338121
25-29	38.061476896511536
30-34	38.09737347223038
35-39	37.754976424826495
40-44	37.4904139342002
45-49	37.39488915494081
50-59	37.525517309751294
60-69	37.1058982958261
70-79	36.95870909244306
80-89	37.13447527955294
90-99	37.172080331927106
100-109	37.01650412467704
110-119	37.10540569819088
120-129	37.23590452602377
130-139	37.26783105435086
140-149	37.359841845871294
150-159	37.43204947133356
160-169	37.48659968822475
170-179	37.63082982905329
180-189	37.73767486998683
190-199	37.79438172369532
200-209	37.80534986739495
210-219	37.78871192036022
220-229	37.84090107036576
230-239	37.917812284414445
240-249	38.06661084877285
250-257	38.17588592700417
>>END_MODULE
>>Per sequence GC content	fail
#GC Content	Count
0	20.5
1	84.99999999999987
2	188.00000000000097
3	338.66666666666487
4	404.6666666666611
5	459.9999999999913
6	427.9999999999931
7	399.9999999999947
8	419.33333333332695
9	441.9999999999923
10	503.9999999999888
11	544.999999999992
12	567.6666666666613
13	686.6666666666748
14	773.6666666666847
15	756.000000000016
16	943.666666666704
17	1174.6666666666788
18	1301.3333333333167
19	1349.666666666639
20	1408.9999999999588
21	1404.6666666666265
22	1374.9999999999666
23	1404.3333333332932
24	1405.9999999999595
25	1616.6666666665783
26	1860.999999999856
27	2353.3333333332857
28	3115.6666666669657
29	4307.333333333886
30	5752.666666665905
31	7313.333333331152
32	9403.333333332555
33	11909.333333337114
34	14461.333333341756
35	16967.33333334313
36	19064.00000000217
37	20551.33333333009
38	21341.66666666055
39	21160.99999999454
40	20454.999999997108
41	18764.666666669924
42	16476.666666678248
43	14275.000000008084
44	12065.666666670732
45	9776.999999999902
46	7853.999999997327
47	6126.666666665565
48	4857.333333333386
49	3952.0000000006794
50	3353.666666667074
51	2459.6666666666674
52	1475.333333333277
53	919.3333333333679
54	551.6666666666595
55	382.33333333332905
56	229.66666666666882
57	135.3333333333328
58	104.99999999999959
59	70.66666666666674
60	55.000000000000114
61	40.66666666666668
62	27.666666666666636
63	24.99999999999998
64	17.33333333333334
65	14.000000000000007
66	10.0
67	10.666666666666668
68	9.333333333333332
69	7.33333333333333
70	7.33333333333333
71	4.999999999999999
72	4.333333333333333
73	4.666666666666666
74	3.3333333333333335
75	5.333333333333332
76	6.333333333333331
77	1.6666666666666665
78	1.3333333333333333
79	1.3333333333333333
80	3.0
81	1.6666666666666665
82	2.333333333333333
83	3.0
84	1.0
85	1.3333333333333333
86	2.333333333333333
87	1.6666666666666665
88	0.6666666666666666
89	0.3333333333333333
90	1.0
91	0.6666666666666666
92	1.0
93	0.6666666666666666
94	0.6666666666666666
95	0.0
96	0.0
97	0.0
98	0.0
99	0.0
100	0.0
>>END_MODULE
>>Per base N content	pass
#Base	N-Count
1	0.11407468198604842
2	3.2827246614690195E-4
3	0.0
4	0.0
5	0.004431678292983176
6	0.0
7	0.0
8	3.2827246614690195E-4
9	0.0019696347968814116
10-14	9.848173984407058E-5
15-19	6.565449322938039E-5
20-24	0.0
25-29	0.0021337710299548624
30-34	0.0020024620434961017
35-39	0.0012146081247435372
40-44	0.005318013951579811
45-49	0.0020024620434961017
50-59	0.0010997127615921215
60-69	0.0026918342224045958
70-79	0.002724661469019286
80-89	0.0015428805908904392
90-99	0.0012802626179729175
100-109	3.775133360689372E-4
110-119	6.565449322938039E-4
120-129	0.0039885104636848585
130-139	0.009848173984407058
140-149	0.011834222404595815
150-159	0.009322938038572015
160-169	0.004776364382437423
170-179	0.0069922035289290115
180-189	0.010127205580631925
190-199	0.003939269593762823
200-209	0.005728354534263439
210-219	0.004398851046368486
220-229	0.0031185884283955684
230-239	0.0013295034878949528
240-249	0.0011325400082068116
250-257	0.01003282724661469
>>END_MODULE
>>Sequence Length Distribution	pass
#Length	Count
257	609250.0
>>END_MODULE
>>Sequence Duplication Levels	pass
#Total Duplicate Percentage	16.207916448494974
#Duplication Level	Relative count
1	100.0
2	8.830152564319091
3	2.3278725440522434
4	0.8984968755277825
5	0.3597365309913866
6	0.11766030512863818
7	0.03771885379721894
8	0.01632607104655745
9	0.0011259359342453415
10++	0.004503743736981366
>>END_MODULE
>>Overrepresented sequences	warn
#Sequence	Count	Percentage	Possible Source
GATCGGAAGAGCACACGTCTGAACTCCAGTCACGATCAGATCTCGTATGC	4027	0.660976610586787	TruSeq Adapter, Index 9 (100% over 50bp)
>>END_MODULE
>>Kmer Content	fail
#Sequence	Count	Obs/Exp Overall	Obs/Exp Max	Max Obs/Exp Position
GGAAG	252320	2.4973195	13.734007	5
GAAGA	417425	2.4236443	9.062516	6
CGTCT	192800	1.999939	5.0983696	250-253
CGGAA	200095	1.9570944	13.237939	4
TGCCG	113390	1.935423	5.596408	45-49
AGAGC	193515	1.8927367	13.225025	8
AAGAG	322385	1.871825	8.680628	7
GAGCA	187725	1.8361058	13.088941	9
GCCGT	98105	1.6745276	5.237996	45-49
ATCGG	161140	1.632749	13.598547	2
TCGGA	159735	1.6185126	13.483195	3
GATCG	152775	1.5479907	13.267086	1
>>END_MODULE
