##FastQC	0.10.1
>>Basic Statistics	pass
#Measure	Value	
Filename	YeastJohnson_GATCAG_L001_R2_001.fastq.gz	
File type	Conventional base calls	
Encoding	Sanger / Illumina 1.9	
Total Sequences	609250	
Filtered Sequences	0	
Sequence length	257	
%GC	37	
>>END_MODULE
>>Per base sequence quality	fail
#Base	Mean	Median	Lower Quartile	Upper Quartile	10th Percentile	90th Percentile
1	29.834654082888797	30.0	30.0	32.0	30.0	32.0
2	30.156421830118997	30.0	30.0	32.0	30.0	32.0
3	30.319432088633565	30.0	30.0	32.0	30.0	32.0
4	30.398737792367665	32.0	30.0	32.0	30.0	32.0
5	30.392441526466968	32.0	30.0	32.0	30.0	32.0
6	31.93063766926549	33.0	33.0	33.0	30.0	33.0
7	31.910128846942964	33.0	33.0	33.0	30.0	33.0
8	31.90692326631104	33.0	33.0	33.0	30.0	33.0
9	34.19138284776364	35.0	35.0	35.0	33.0	36.0
10-14	34.181736889618385	35.0	35.0	35.0	33.0	36.0
15-19	35.72287074271645	36.8	36.2	36.8	35.4	37.2
20-24	37.39257578990562	38.8	37.8	38.8	37.0	38.8
25-29	38.26699121871153	40.0	39.0	40.0	37.0	40.0
30-34	38.23504932293804	40.0	39.0	40.0	37.0	40.0
35-39	38.15562872384079	40.0	39.0	40.0	37.0	40.0
40-44	38.00872679524005	39.4	39.0	40.0	36.4	40.0
45-49	37.84301912187115	39.0	39.0	40.0	36.0	40.0
50-59	37.67593204759951	39.0	38.7	40.0	35.7	40.0
60-69	37.73191070988922	39.0	39.0	40.0	36.0	40.0
70-79	37.51308280672959	39.0	38.5	40.0	35.1	40.0
80-89	37.33177299958966	39.0	38.0	40.0	35.0	40.0
90-99	37.19632974969224	39.0	38.0	39.6	35.0	40.0
100-109	36.72209306524416	39.0	37.5	39.0	34.7	39.6
110-119	36.21289700451375	38.2	37.0	39.0	33.9	39.0
120-129	35.593736889618384	38.0	36.4	38.5	32.7	39.0
130-139	34.99841510053344	38.0	36.0	38.0	30.7	38.4
140-149	34.36222355354944	38.0	35.9	38.0	28.8	38.0
150-159	33.78750118998769	37.1	34.4	38.0	25.8	38.0
160-169	33.13995223635618	36.2	34.0	38.0	23.9	38.0
170-179	32.39739121871154	36.0	33.9	38.0	17.9	38.0
180-189	31.57482412802626	36.0	31.1	38.0	11.5	38.0
190-199	30.5993061961428	35.9	30.0	38.0	9.0	38.0
200-209	29.42149495281084	34.1	26.6	36.9	5.3	38.0
210-219	28.08083758719738	34.0	24.9	36.0	2.0	38.0
220-229	26.43461370537546	33.4	19.7	36.0	2.0	38.0
230-239	24.57762823143209	30.2	11.2	35.8	2.0	37.8
240-249	22.099611817808782	27.2	5.4	34.0	2.0	36.0
250-257	17.43293721789085	17.0	2.0	32.875	2.0	35.75
>>END_MODULE
>>Per sequence quality scores	pass
#Quality	Count
2	7070.0
3	436.0
4	551.0
5	646.0
6	779.0
7	790.0
8	1004.0
9	1118.0
10	1156.0
11	1448.0
12	1738.0
13	2081.0
14	2331.0
15	2440.0
16	2537.0
17	2621.0
18	2671.0
19	2863.0
20	2862.0
21	3214.0
22	3654.0
23	4031.0
24	4688.0
25	5534.0
26	6521.0
27	8111.0
28	10195.0
29	12989.0
30	16575.0
31	21900.0
32	30353.0
33	44926.0
34	70382.0
35	110462.0
36	144882.0
37	73046.0
38	645.0
>>END_MODULE
>>Per base sequence content	fail
#Base	G	A	T	C
1	19.265493320726595	32.28851703387076	30.154563869218222	18.291425776184425
2	18.63481475159052	37.347103585474265	28.39146078038724	15.626620882547979
3	19.595673748504215	32.17194042786489	31.107941255164466	17.124444568466426
4	18.778437255841745	31.245527184867605	31.39801324938119	18.57802230990946
5	18.971879165107318	30.769761074671553	32.32763431752972	17.930725442691404
6	19.797814996947036	30.41178903690475	31.15976521722003	18.63063074892818
7	19.468590706493636	30.618828338545644	31.711689526952153	18.20089142800857
8	18.806915470829562	31.77695291786442	31.111902772328264	18.30422883897775
9	19.391708004083952	30.49453886483239	31.45856792522824	18.655185205855414
10-14	19.32562519842423	30.68036651560981	31.12401600460689	18.86999228135907
15-19	19.480199710047486	30.481881907383286	30.990579169643233	19.047339212925998
20-24	19.553994216875065	30.742220226229968	30.84382542421401	18.859960132680957
25-29	19.26103978900358	31.114060584652336	30.825792040886135	18.79910758545795
30-34	19.41524227070325	30.886818426408386	30.895420122255707	18.802519180632657
35-39	18.806018761267776	31.113459014762572	31.202763988951137	18.877758235018515
40-44	19.474295171652855	30.89600344143082	31.040720861539878	18.588980525376446
45-49	19.134385810081397	30.993627879733452	31.058767443876224	18.813218866308926
50-59	18.697356184948042	31.341819653253207	31.437161479472696	18.52366268232606
60-69	18.51138202547097	31.777892175676214	31.249739403703142	18.460986395149675
70-79	18.601424291350707	31.58949785391099	31.33286671135907	18.47621114337923
80-89	18.785073345529547	31.37865629906493	31.340097881585116	18.496172473820412
90-99	18.723946547052044	31.382569629502317	31.40420611261839	18.489277710827253
100-109	18.638819310259695	31.547438380164643	31.348286368511	18.46545594106466
110-119	18.713005380095534	31.463423081474872	31.340086480066297	18.483485058363293
120-129	18.801612970216393	31.35745630991775	31.340776977793674	18.500153742072186
130-139	18.876062385718647	31.45559564179751	31.219630294694063	18.448711677789777
140-149	18.953079437897557	31.453584258399804	31.122405591999307	18.470930711703332
150-159	19.076443336352717	31.45570224930291	31.07533560941561	18.392518804928763
160-169	19.21843977498345	31.404587259567407	31.067837183406343	18.309135782042798
170-179	19.343740453541816	31.38781063897928	30.9456839462245	18.32276496125441
180-189	19.477836333610785	31.427499363549327	30.831426990531284	18.263237312308604
190-199	19.585212231198327	31.571245574686685	30.6403375844355	18.203204609679485
200-209	19.7282847591744	31.634772486209716	30.485475681405518	18.151467073210366
210-219	19.866666031993127	31.757701558227495	30.248814459920446	18.126817949858932
220-229	20.07876128898404	31.914506314740184	29.97245882652836	18.03427356974742
230-239	20.265599880753218	32.1412759175838	29.698801737286402	17.894322464376582
240-249	20.493862907853668	32.20159563082636	29.432763812232686	17.871777649087285
250-257	20.900657539463037	32.27671808036557	29.382768887845696	17.439855492325698
>>END_MODULE
>>Per base GC content	pass
#Base	%GC
1	37.556919096911024
2	34.26143563413849
3	36.72011831697064
4	37.3564595657512
5	36.90260460779872
6	38.428445745875216
7	37.6694821345022
8	37.111144309807315
9	38.04689320993936
10-14	38.1956174797833
15-19	38.527538922973484
20-24	38.41395434955602
25-29	38.06014737446153
30-34	38.21776145133591
35-39	37.6837769962863
40-44	38.063275697029304
45-49	37.94760467639032
50-59	37.2210188672741
60-69	36.97236842062065
70-79	37.07763543472994
80-89	37.281245819349955
90-99	37.213224257879304
100-109	37.10427525132435
110-119	37.19649043845883
120-129	37.30176671228858
130-139	37.32477406350843
140-149	37.42401014960089
150-159	37.46896214128147
160-169	37.527575557026246
170-179	37.66650541479623
180-189	37.741073645919386
190-199	37.788416840877815
200-209	37.87975183238476
210-219	37.99348398185206
220-229	38.11303485873146
230-239	38.15992234512981
240-249	38.36564055694095
250-257	38.34051303178874
>>END_MODULE
>>Per sequence GC content	fail
#GC Content	Count
0	23.0
1	82.66666666666657
2	185.33333333333422
3	313.6666666666663
4	397.9999999999948
5	436.6666666666593
6	427.9999999999931
7	376.999999999996
8	402.3333333333279
9	431.6666666666596
10	489.9999999999896
11	539.3333333333247
12	611.6666666666663
13	714.3333333333446
14	745.6666666666815
15	749.3333333333486
16	979.6666666667081
17	1239.9999999999973
18	1341.6666666666408
19	1449.9999999999495
20	1527.6666666665985
21	1446.9999999999502
22	1398.9999999999611
23	1417.6666666666235
24	1444.9999999999507
25	1688.9999999998952
26	1897.9999999998477
27	2351.6666666666183
28	3112.0000000002974
29	4211.666666667306
30	5540.333333332765
31	7113.333333331334
32	9262.666666665633
33	11661.000000003329
34	14191.666666674599
35	16675.33333334419
36	18665.333333336952
37	20121.99999999832
38	21057.666666661582
39	21051.33333332827
40	20282.999999997734
41	18664.000000003623
42	16679.333333344177
43	14349.666666674886
44	12241.000000004384
45	9977.000000000266
46	8037.333333330494
47	6326.33333333205
48	5030.6666666665615
49	4036.6666666673846
50	3438.0000000004457
51	2559.3333333333794
52	1645.999999999905
53	1093.0000000000307
54	736.3333333333471
55	471.333333333324
56	290.6666666666676
57	171.33333333333383
58	113.66666666666613
59	88.66666666666649
60	77.33333333333331
61	61.33333333333349
62	39.333333333333336
63	25.33333333333331
64	22.999999999999986
65	19.0
66	15.000000000000009
67	12.333333333333337
68	11.000000000000002
69	9.333333333333332
70	7.666666666666663
71	7.666666666666663
72	5.999999999999998
73	6.999999999999997
74	5.999999999999998
75	4.0
76	4.666666666666666
77	4.999999999999999
78	2.333333333333333
79	4.333333333333333
80	4.333333333333333
81	5.333333333333332
82	7.33333333333333
83	6.666666666666664
84	6.333333333333331
85	4.333333333333333
86	5.666666666666665
87	7.33333333333333
88	4.333333333333333
89	5.333333333333332
90	5.999999999999998
91	4.666666666666666
92	3.666666666666667
93	3.3333333333333335
94	3.0
95	2.6666666666666665
96	2.333333333333333
97	3.666666666666667
98	5.999999999999998
99	5.666666666666665
100	9.5
>>END_MODULE
>>Per base N content	pass
#Base	N-Count
1	0.00853508411981945
2	0.002297907263028313
3	0.006401313089864587
4	0.002297907263028313
5	0.0036109971276159216
6	9.848173984407058E-4
7	0.01887566680344686
8	0.02018875666803447
9	0.005908904390644234
10-14	0.012375871973738201
15-19	0.007681575707837505
20-24	0.0047927780057447685
25-29	0.004333196553139106
30-34	0.011128436602379976
35-39	0.016643414033647927
40-44	0.032991382847763644
45-49	0.015822732868280672
50-59	0.012064013130898645
60-69	0.011522363561756257
70-79	0.008009848173984407
80-89	0.007304062371768567
90-99	0.015379565038982353
100-109	0.011013541239228559
110-119	0.0037587197373820267
120-129	0.018530980713992614
130-139	0.0013130898645876078
140-149	0.020123102174805087
150-159	0.012244562987279441
160-169	0.0024292162494870743
170-179	0.0095363151415675
180-189	0.0019532211735740664
190-199	0.004530160032827246
200-209	0.002724661469019286
210-219	0.0021173574066475176
220-229	0.002741075092326631
230-239	0.015281083299138284
240-249	0.005974558883873615
250-257	0.0014772260976610586
>>END_MODULE
>>Sequence Length Distribution	pass
#Length	Count
257	609250.0
>>END_MODULE
>>Sequence Duplication Levels	pass
#Total Duplicate Percentage	15.121020502352845
#Duplication Level	Relative count
1	100.0
2	8.493141470141431
3	2.2316148236177833
4	0.8419707272227859
5	0.3150383147131862
6	0.12612743916453184
7	0.04652701089180508
8	0.019619823870038286
9	0.007847929548015315
10++	0.03139171819206126
>>END_MODULE
>>Overrepresented sequences	pass
>>END_MODULE
>>Kmer Content	fail
#Sequence	Count	Obs/Exp Overall	Obs/Exp Max	Max Obs/Exp Position
GGGGG	133810	3.2533257	23.47844	40-44
CCCCC	102505	3.1713924	3.805461	250-253
GGAAG	257935	2.3546734	5.19654	5
CGCCG	81010	2.276026	5.694418	250-253
CGTCG	120935	2.023809	5.0638657	250-253
CGGGG	69060	1.761971	7.258401	35-39
GGGGC	67555	1.723573	5.5008984	40-44
GGCGG	63910	1.6305758	5.3844438	10-14
GAGGG	107025	1.5944648	13.590164	9
ATCGG	156560	1.5298746	10.864051	2
GCCGG	57055	1.527563	5.3246098	45-49
AGAGG	162050	1.4793448	8.591612	8
GATCG	148690	1.4529703	10.716614	1
GGGAG	95960	1.4296178	12.287361	5
GGAGA	150355	1.372582	7.991123	6
GCGGG	52045	1.3278567	5.119741	10-14
GAGAG	133165	1.2156554	7.5754004	7
TCGGG	62070	0.9898423	11.559094	3
CGGGA	59985	0.9377899	11.648123	4
>>END_MODULE
