##FastQC	0.10.1
>>Basic Statistics	pass
#Measure	Value	
Filename	Test_GATCAG_L001_R1_001.fastq.gz	
File type	Conventional base calls	
Encoding	Sanger / Illumina 1.9	
Total Sequences	3875453	
Filtered Sequences	0	
Sequence length	251	
%GC	37	
>>END_MODULE
>>Per base sequence quality	fail
#Base	Mean	Median	Lower Quartile	Upper Quartile	10th Percentile	90th Percentile
1	28.781395362038968	30.0	30.0	30.0	27.0	32.0
2	29.216889483629398	30.0	30.0	30.0	27.0	32.0
3	29.296598358953133	30.0	30.0	30.0	27.0	32.0
4	29.338912380049507	30.0	30.0	30.0	28.0	32.0
5	29.019259167895985	30.0	30.0	30.0	27.0	32.0
6	30.87442964732123	33.0	30.0	33.0	27.0	33.0
7	30.844995668893418	33.0	30.0	33.0	27.0	33.0
8	30.82741682069167	33.0	30.0	33.0	27.0	33.0
9	32.38509433606858	35.0	32.0	35.0	27.0	35.0
10-14	32.399019005004064	35.0	32.0	35.0	27.0	35.0
15-19	33.856807965417204	36.2	33.2	36.8	28.8	36.8
20-24	35.40201689970179	37.8	34.8	38.4	29.6	38.8
25-29	35.81876033588848	38.0	34.8	39.0	29.2	40.0
30-34	35.90476251421447	38.2	34.8	39.0	29.8	40.0
35-39	35.910169262793275	38.0	35.0	39.0	30.0	40.0
40-44	35.75250743590492	38.0	35.0	39.0	29.4	40.0
45-49	35.750800641886244	38.0	35.0	39.0	29.6	40.0
50-59	35.561325346998146	38.0	35.0	39.0	29.0	40.0
60-69	35.35350680294665	38.0	35.0	39.0	28.5	40.0
70-79	35.26078590038378	38.0	35.0	39.0	28.3	40.0
80-89	35.3195647837814	38.0	35.0	39.0	28.1	40.0
90-99	34.95999884400611	37.8	35.0	39.0	27.8	39.7
100-109	34.61866860467667	37.0	35.0	39.0	26.9	39.0
110-119	33.929252038406865	37.0	34.3	38.7	24.3	39.0
120-129	33.19151304376547	36.3	33.2	38.0	22.3	39.0
130-139	32.534303189846455	36.0	32.4	38.0	19.9	38.0
140-149	31.953795156333985	36.0	31.2	38.0	17.7	38.0
150-159	31.385271244419688	36.0	30.2	37.6	14.7	38.0
160-169	30.79687574588055	36.0	30.0	37.0	10.2	38.0
170-179	30.108706956322266	36.0	28.3	37.0	8.8	38.0
180-189	29.45800372240355	35.3	26.0	37.0	6.2	38.0
190-199	29.162153353427335	34.6	25.8	36.7	2.0	38.0
200-209	28.4513532998594	34.0	25.0	36.0	2.0	38.0
210-219	27.843284178649572	34.0	24.9	36.0	2.0	38.0
220-229	27.04704275861429	34.0	23.2	36.0	2.0	38.0
230-239	26.236414813958525	33.6	18.1	36.0	2.0	38.0
240-249	24.73419976967854	32.0	6.7	36.0	2.0	38.0
250-251	20.9658424447413	28.5	2.0	35.0	2.0	37.0
>>END_MODULE
>>Per sequence quality scores	pass
#Quality	Count
2	1269.0
3	1301.0
4	3671.0
5	4779.0
6	5925.0
7	7199.0
8	9299.0
9	11917.0
10	14889.0
11	18429.0
12	20928.0
13	24443.0
14	28802.0
15	32728.0
16	35223.0
17	37001.0
18	37596.0
19	36387.0
20	36271.0
21	37196.0
22	41141.0
23	47090.0
24	56012.0
25	67724.0
26	81814.0
27	97486.0
28	114925.0
29	133683.0
30	155830.0
31	181269.0
32	213528.0
33	255124.0
34	309746.0
35	378316.0
36	462310.0
37	767405.0
38	106797.0
>>END_MODULE
>>Per base sequence content	warn
#Base	G	A	T	C
1	17.256409389678147	36.065904139574094	26.4254420199786	20.25224445076916
2	18.84166831593623	33.679417606148235	31.405851135338242	16.073062942577295
3	17.06388904729331	32.59185442321195	32.30713932022915	18.037117209265602
4	18.050251157735627	32.16042098820447	31.91833316002026	17.870994694039638
5	18.458388853738867	32.09708183716376	31.893905536696103	17.55062377240126
6	18.461712733969424	31.60670507421971	31.70310670778358	18.22847548402729
7	18.725243216728472	31.968572448175735	31.60714373261655	17.699040602479247
8	17.95395273791219	31.686979560841017	32.06812210082279	18.290945600424003
9	18.343376043234226	30.778738354894713	32.33455848201292	18.543327119858144
10-14	18.693094074280044	31.227064487688494	31.164356626947733	18.915484811083733
15-19	18.94644770006992	31.054303179969224	30.846152008155126	19.153097111805728
20-24	18.980356618955255	31.117286159837317	30.849224593873288	19.053132627334147
25-29	18.973120460102937	31.112761272522505	30.876643920552315	19.037474346822243
30-34	18.938217143635672	31.206442410211576	30.87125500974856	18.98408543640419
35-39	18.878346215379526	31.32663409475463	30.959987205599642	18.835032484266197
40-44	18.75076023464847	31.392384498907766	31.116050009389884	18.74080525705388
45-49	18.757673313543087	31.39968670431706	31.17711093984473	18.665529042295123
50-59	18.676443115045636	31.384177160969763	31.287821550917112	18.651558173067496
60-69	18.609427991527987	31.50869271035004	31.30774533984841	18.574133958273567
70-79	18.57839432938762	31.5196924102234	31.31622686970284	18.585686390686142
80-89	18.58135665557632	31.462524790720646	31.360260326435025	18.59585822726801
90-99	18.58668171051392	31.437518202832404	31.37101456507852	18.604785521575156
100-109	18.56927048492761	31.451039724819495	31.3593302641891	18.620359526063798
110-119	18.590060878023948	31.463172493204937	31.352690669524087	18.59407595924703
120-129	18.635644442292996	31.441627106692177	31.316451119487887	18.60627733152694
130-139	18.66002721768107	31.462576204604296	31.235682204415415	18.641714373299216
140-149	18.71217019394143	31.445281893540205	31.148427315049116	18.69412059746925
150-159	18.739331808613592	31.439629319393454	31.044885272640975	18.77615359935198
160-169	18.772053840212074	31.440465775350635	30.927642748334673	18.859837636102622
170-179	18.828215954879425	31.401307568540055	30.83504770452995	18.93542877205057
180-189	18.844433613589448	31.366939656336935	30.71177270501197	19.076854025061646
190-199	18.836061819450922	31.389954500502213	30.60193648649433	19.172047193552526
200-209	18.82979032226226	31.421870183964263	30.493563308763395	19.254776185010087
210-219	18.80411775044023	31.47215505327452	30.326067062499206	19.397660133786044
220-229	18.79366350066022	31.50886195209322	30.150640335220086	19.546834212026475
230-239	18.773488245365417	31.52663153934775	29.97639992658248	19.723480288704355
240-249	18.743675381696207	31.497942874232198	29.7996210228461	19.958760721225495
250-251	18.724780296028168	31.672606634288424	29.60835176994005	19.994261299743357
>>END_MODULE
>>Per base GC content	pass
#Base	%GC
1	37.50865384044731
2	34.91473125851352
3	35.10100625655891
4	35.92124585177526
5	36.00901262614013
6	36.69018821799671
7	36.424283819207716
8	36.24489833833619
9	36.88670316309237
10-14	37.60857888536378
15-19	38.09954481187565
20-24	38.033489246289406
25-29	38.01059480692518
30-34	37.92230258003986
35-39	37.71337869964572
40-44	37.49156549170235
45-49	37.42320235583821
50-59	37.328001288113136
60-69	37.18356194980155
70-79	37.16408072007377
80-89	37.177214882844325
90-99	37.191467232089074
100-109	37.18963001099141
110-119	37.18413683727098
120-129	37.24192177381994
130-139	37.301741590980285
140-149	37.40629079141068
150-159	37.51548540796557
160-169	37.63189147631469
170-179	37.763644726929996
180-189	37.921287638651094
190-199	38.00810901300345
200-209	38.08456650727235
210-219	38.201777884226274
220-229	38.34049771268669
230-239	38.49696853406977
240-249	38.7024361029217
250-251	38.71904159577152
>>END_MODULE
>>Per sequence GC content	fail
#GC Content	Count
0	86.0
1	352.9999999999974
2	991.0000000000427
3	1816.3333333331996
4	2332.999999999943
5	2628.6666666667443
6	2533.666666666701
7	2362.999999999957
8	2409.333333333311
9	2698.000000000109
10	2946.666666666889
11	3165.0000000003215
12	3435.6666666671113
13	4050.666666667391
14	4617.666666666937
15	4698.000000000197
16	5893.99999999911
17	7289.666666664507
18	8199.999999997033
19	8756.333333331379
20	9152.666666665433
21	8938.33333333171
22	8724.33333333132
23	8663.999999997877
24	9018.666666665189
25	10501.333333334553
26	12089.333333337441
27	15134.33333334298
28	19843.666666666
29	26974.333333306724
30	35775.33333330753
31	46342.33333338441
32	59997.6666668171
33	75690.00000004297
34	92553.66666646424
35	108876.99999956004
36	121041.66666604968
37	131723.66666592268
38	137015.33333274335
39	136863.9999994056
40	131525.33333258357
41	120290.66666606061
42	106272.33333293127
43	91384.99999981458
44	76157.00000003618
45	60984.66666682428
46	48257.00000006501
47	37322.999999985455
48	29787.999999963155
49	24545.33333331556
50	20515.33333333022
51	15658.0000000106
52	9955.33333333356
53	6292.666666665414
54	4003.0000000007026
55	2620.0000000000737
56	1595.3333333332498
57	968.0000000000401
58	661.0000000000052
59	498.6666666666558
60	396.66666666666157
61	323.3333333333324
62	219.66666666666853
63	158.6666666666668
64	114.66666666666612
65	100.66666666666632
66	69.0000000000001
67	50.333333333333414
68	35.99999999999998
69	21.666666666666657
70	14.666666666666675
71	10.0
72	7.33333333333333
73	6.666666666666664
74	5.999999999999998
75	4.999999999999999
76	4.999999999999999
77	4.0
78	5.333333333333332
79	3.3333333333333335
80	2.6666666666666665
81	1.6666666666666665
82	1.3333333333333333
83	0.3333333333333333
84	1.0
85	0.6666666666666666
86	1.0
87	0.6666666666666666
88	0.6666666666666666
89	0.3333333333333333
90	0.3333333333333333
91	0.0
92	0.0
93	0.0
94	0.0
95	0.0
96	0.0
97	0.0
98	0.0
99	0.0
100	0.5
>>END_MODULE
>>Per base N content	pass
#Base	N-Count
1	1.548206106486132E-4
2	0.0
3	0.0
4	0.0
5	2.5803435108102204E-5
6	0.0
7	0.0
8	0.0
9	1.2901717554051102E-4
10-14	5.625148853566279E-4
15-19	1.0321374043240881E-5
20-24	0.0
25-29	1.8578473277833585E-4
30-34	2.322309159729198E-4
35-39	1.961061068215767E-4
40-44	1.2385648851889056E-4
45-49	2.2190954192967893E-4
50-59	4.3865839683773745E-4
60-69	2.683557251242629E-4
70-79	1.444992366053723E-4
80-89	2.838377861891242E-4
90-99	6.68308969299847E-4
100-109	0.0016049736637239569
110-119	0.0016617412209617819
120-129	7.534603051565842E-4
130-139	7.999064883511683E-4
140-149	5.186490456728543E-4
150-159	7.844244272863069E-4
160-169	5.805772899322995E-4
170-179	0.001981703816302249
180-189	0.0027067803428399207
190-199	0.0034963654571478486
200-209	0.0013804837782834677
210-219	6.786303433430878E-4
220-229	0.0019765431292806286
230-239	0.002159747518548154
240-249	5.547738548241974E-4
250-251	2.838377861891242E-4
>>END_MODULE
>>Sequence Length Distribution	pass
#Length	Count
251	3875453.0
>>END_MODULE
>>Sequence Duplication Levels	warn
#Total Duplicate Percentage	26.969000422787776
#Duplication Level	Relative count
1	100.0
2	15.916849102680978
3	4.147563564256293
4	2.6330673870948424
5	1.9756323154623672
6	1.3814121545637839
7	1.0387207963747913
8	0.8291134607834656
9	0.6787285152481018
10++	4.4829353012024145
>>END_MODULE
>>Overrepresented sequences	warn
#Sequence	Count	Percentage	Possible Source
GATCGGAAGAGCACACGTCTGAACTCCAGTCACGATCAGATCTCGTATGC	5057	0.13048797134167284	TruSeq Adapter, Index 9 (100% over 50bp)
>>END_MODULE
>>Kmer Content	warn
#Sequence	Count	Obs/Exp Overall	Obs/Exp Max	Max Obs/Exp Position
GGAAG	1657510	2.6710873	5.0984316	240-247
CGTCT	1299530	2.1195035	6.197126	240-247
>>END_MODULE
